P1 =

  19.86613000986104  11.59396090188034

P2 =

  -0.27414136944270  23.84445179561419   2.37240513334923

P3 =

   0.01668468554512  -0.64138911699557  25.97534970315393  -0.12814155306630

P4 =

  -0.00158872025021   0.06356695932328  -1.08328475023482  27.39789340273351  -1.13233874504109

P5 =

  -0.00036963427156   0.01208672297467  -0.11568333496735  -0.09773541563135  25.35477192421384  -0.16767323511732

P6 =

  Columns 1 through 6 

   0.00007527111937  -0.00371428143323   0.06823252006339  -0.55633934211989   1.51388151283223  23.02032958349444

  Column 7 

   0.61822284638503

P7 =

  Columns 1 through 6 

   0.00000415669176  -0.00014048981078   0.00070778933637   0.02289809048426  -0.31392370807963   0.87617732697399

  Columns 7 through 8 

  23.70314219098859   0.44684668626463

P8 =

  Columns 1 through 6 

  -0.00000526398087   0.00031712077941  -0.00772812292643   0.09707026462670  -0.66177569399624   2.37416522700216

  Columns 7 through 9 

  -4.48743275145082  28.13442017610610  -0.41283535052975

P9 =

  Columns 1 through 6 

   0.00000105715834  -0.00007588805800   0.00228799716333  -0.03750406547532   0.36087860082456  -2.04880958928928

  Columns 7 through 10 

   6.54483950603413 -10.99385194993269  32.38416518227999  -1.06332123073732

P10 =

  Columns 1 through 6 

   0.00000031205701(x^10)  -0.00002215583879(x^9)   0.00065960509448(x^8)  -0.01065458010363(x^7)   0.10076140731247(x^6)  -0.55964889358742

  Columns 7 through 11 

   1.72303534416179(x^4)  -2.49763454828984(x^3)   0.40826042096913(x^2)  26.32764244698386x  -0.31493893288242
