P1 =

   19.8661   11.5940

P2 =

   -0.2741   23.8445    2.3724

P3 =

    0.0167   -0.6414   25.9753   -0.1281

P4 =

   -0.0016    0.0636   -1.0833   27.3979   -1.1323

P5 =

   -0.0004    0.0121   -0.1157   -0.0977   25.3548   -0.1677

P6 =

    0.0001   -0.0037    0.0682   -0.5563    1.5139   23.0203    0.6182


P7 =

    0.0000   -0.0001    0.0007    0.0229   -0.3139    0.8762   23.7031    0.4468

P8 =

   -0.0000    0.0003   -0.0077    0.0971   -0.6618    2.3742   -4.4874   28.1344   -0.4128

P9 =

  Columns 1 through 9 

    0.0000   -0.0001    0.0023   -0.0375    0.3609   -2.0488    6.5448  -10.9939   32.3842

  Column 10 

   -1.0633

P10 =

  Columns 1 through 9 

    0.0000   -0.0000    0.0007   -0.0107    0.1008   -0.5596    1.7230   -2.4976    0.4083

  Columns 10 through 11 

   26.3276   -0.3149
