P1 =

  19.89309699690310  11.25623793618788

P2 =

  -0.26932610913683  23.80031407324091   2.20010017200406

P3 =

   0.01350887525205  -0.56676894248784  25.52676879437210   0.17658622248340

P4 =

  -0.00117625595829   0.04822219831271  -0.89404624303712  26.58101907418210  -0.56794892136072

P5 =

  Columns 1 through 5 

  -0.00020488573216   0.00640389593276  -0.05113062576085  -0.34785715211240  25.44915948665711

  Column 6 

  -0.03366061445044

P6 =

  Columns 1 through 5 

   0.00000444475407  -0.00040240010710   0.00971980279297  -0.07715759622114  -0.25266684325575

  Columns 6 through 7 

  25.31133034075776   0.01270732006769

P7 =

  Columns 1 through 5 

   0.00000589486891  -0.00030159800237   0.00587165162879  -0.05462368277478   0.26706832497239

  Columns 6 through 8 

  -1.15874352308748  26.28214403249081  -0.23110481788329

P8 =

  Columns 1 through 5 

  -0.00000004094365   0.00000832847066  -0.00036057969071   0.00662040628039  -0.05994096468231

  Columns 6 through 9 

   0.28793071332501  -1.20033691529459  26.31647881826983  -0.23776133137318


P9 =

  Columns 1 through 5 

  -0.00000007167775   0.00000474963940  -0.00012542939206   0.00166144510756  -0.01130657309661

  Columns 6 through 10 

   0.03438482701158   0.00409178404218  -0.75727244858311  26.02698910728412  -0.19344936287317


P10 =

  Columns 1 through 5 

   0.00000013993190  -0.00001047696906   0.00033430506257  -0.00592219430931   0.06356084197918

  Columns 6 through 10 

  -0.42323202679658   1.72156650031639  -4.03945575596207   4.34071991262162  23.31885038700646

  Column 11 

   0.14129617900736
